,Tuned_Adaboost_on_Imbalanced_Dataset,Tuned_Adaboost_on_Balanced_Dataset,Tuned_Light_GBM_on_Imbalanced_Dataset,Tuned_Light_GBM_on_Balanced_Dataset
duration,0.02455072986085216,0.03229361331372279,177,323
srcbytes,0.09185079604626303,0.06981538028354796,839,880
dstbytes,0.06738409279452656,0.05157123684930563,299,400
wrongfragment,0.022134626176959084,0.017197962122940853,56,46
urgent,0.0006549655809729872,0.00032792297943705655,0,9
hot,0.006171398572978467,0.007104697019271708,86,187
numfailedlogins,0.000776368058648134,0.0015908583689874085,11,39
numcompromised,0.004478741383687921,0.006698989705471051,48,121
numfilecreations,0.0047662583319912225,0.00913581369971984,28,101
numshells,1.1963007816503386e-05,0.00041044641808401036,0,6
numaccessfiles,0.00015920091087052491,0.0037072036196104836,2,40
serrorrate,0.006145661846110127,0.0013727956520611447,65,60
rerrorrate,0.003498553407338573,0.0011345138078428581,19,22
diffsrvrate,0.005390264926744279,0.006072188641494135,141,162
srvdiffhostrate,0.0004673157804896959,2.5730837328434358e-05,15,38
dsthostcount,0.01494929811229229,0.014438534853590675,251,379
dsthostsrvcount,0.013727205826499209,0.014475953306171276,250,405
dsthostdiffsrvrate,0.04899575911162038,0.04666936852652725,469,541
dsthostsamesrcportrate,0.011543389470859278,0.017854886502141107,161,271
dsthostsrvdiffhostrate,0.00243377655172504,0.003601076183395232,89,182
serrors_count,0.0007892427621523325,0.00014458638309100004,39,68
rerrors_count,0.018145342694912817,0.019440539213461252,58,86
samesrv_count,0.012392480200787556,0.013215942337133567,178,331
diffsrv_count,0.018196846575158097,0.011725115902814042,98,136
serrors_srvcount,0.010939585920683243,0.005097887087647279,27,65
rerrors_srvcount,0.001245648919313279,0.0030689522793096204,15,43
srvdiffhost_srvcount,0.0009127960817615783,0.0007635230484100232,23,48
dsthost_rerrors_count,0.039084852794627985,0.044301520651306624,307,374
dsthost_samesrv_count,0.018025052103348458,0.0196984786140306,294,398
dsthost_serrors_srvcount,0.006418060472944251,0.00910295802593165,150,310
dsthost_rerrors_srvcount,0.0033560687341730286,0.01018923134992477,98,157
dsthost_samesrcport_srvcount,0.016711409525860012,0.009986686410225,263,363
dsthost_srvdiffhost_srvcount,0.005364364165855456,0.007886502424451344,194,253
srcbytes/sec,0.06828990594537551,0.07615325208037363,604,864
dstbytes/sec,0.036043204611312635,0.040488875795477615,220,420
flag_REJ,0.005179530621252652,0.002122078737353189,3,2
flag_RSTO,0.0008018432645972994,0.0010976011887963255,19,22
flag_RSTOS0,2.5631003000973435e-05,0.00010737006600233299,8,14
flag_RSTR,0.0013551706910391351,0.0005817367747239802,17,21
flag_S0,0.046258839863029984,0.04436517171575783,60,66
flag_S1,3.493946785912668e-05,0.0,14,8
flag_S2,0.0,2.3099219183173835e-05,0,0
flag_S3,0.0,0.0,0,3
flag_SF,0.005014158174554655,0.0037003553770522464,10,30
flag_SH,0.00044524797033304104,5.0646683060565076e-05,8,2
isguestlogin,0.0073000345319466425,0.007463890747588117,9,56
ishostlogin,0.0,0.0,0,0
land,5.170443596362961e-06,0.0012392258818247112,0,0
loggedin,0.03345348650550672,0.03311143749643128,31,184
protocoltype_tcp,0.025043338286438756,0.02933406100651291,42,107
protocoltype_udp,0.021491992099238334,0.033509237214351846,23,84
rootshell,0.0021878733226246803,0.0037631404366091138,7,32
service,0.06677379861855269,0.0821104548026504,637,945
suattempted,2.1321709993711448e-05,4.815786101786839e-06,0,8
multi_lof_nof,0.03671903988990777,0.042333834843733584,436,540
multi_iforest_df,0.03224523900035981,0.03196175131212512,556,608
multi_robust_cov_df,0.02502222633794372,0.02892695654777883,509,562
multi_one_class_svm_df,0.02937226456431871,0.015260394711921525,478,560
multi_dbscan_labels,0.00794063261562631,0.007691810667742419,209,301
multi_knn_kth_distance,0.029638101651403237,0.017663946769283435,379,447
multi_gmm_score,0.03301630097980427,0.03217638580720185,455,589
multi_kmeans_adv,0.004648591119559703,0.0046373719119744495,57,51
